<?xml version="1.0"?>
<opencv_storage>
<calibration_Time>"Tue 15 Nov 2016 02:23:28 PM BRST"</calibration_Time>
<nrOfFrames>20</nrOfFrames>
<image_Width>960</image_Width>
<image_Height>720</image_Height>
<board_Width>8</board_Width>
<board_Height>6</board_Height>
<square_Size>50.</square_Size>
<FixAspectRatio>1.</FixAspectRatio>
<!-- flags:  +fix_aspectRatio +fix_principal_point +zero_tangent_dist -->
<flagValue>14</flagValue>
<Camera_Matrix type_id="opencv-matrix">
  <rows>3</rows>
  <cols>3</cols>
  <dt>d</dt>
  <data>
    7.8299742242873765e+02 0. 4.7950000000000000e+02 0.
    7.8299742242873765e+02 3.5950000000000000e+02 0. 0. 1.</data></Camera_Matrix>
<Distortion_Coefficients type_id="opencv-matrix">
  <rows>5</rows>
  <cols>1</cols>
  <dt>d</dt>
  <data>
    3.6223560328318466e-01 -1.4187268087859013e+00 0. 0.
    2.1719271412505519e+00</data></Distortion_Coefficients>
<Avg_Reprojection_Error>1.8440714943826586e+00</Avg_Reprojection_Error>
<Per_View_Reprojection_Errors type_id="opencv-matrix">
  <rows>20</rows>
  <cols>1</cols>
  <dt>f</dt>
  <data>
    1.41265798e+00 1.81091952e+00 2.56270623e+00 1.76877296e+00
    2.50324011e+00 2.08186054e+00 3.91547585e+00 1.95488465e+00
    1.48282576e+00 1.12273800e+00 1.82020819e+00 2.10292196e+00
    6.65968716e-01 6.50863171e-01 2.04765606e+00 2.17899370e+00
    6.53486550e-01 6.95845723e-01 8.68057072e-01 7.87714362e-01</data></Per_View_Reprojection_Errors>
<!-- a set of 6-tuples (rotation vector + translation vector) for each view -->
<Extrinsic_Parameters type_id="opencv-matrix">
  <rows>20</rows>
  <cols>6</cols>
  <dt>d</dt>
  <data>
    -2.6165076986575125e-01 2.9247550263573957e-01
    1.4178911533420419e-01 3.5001097082534336e+01
    -1.8929924947044577e+02 1.0679169946907525e+03
    -2.7392353509056566e-01 5.7102112232113110e-02
    4.1558569077940602e-02 -1.9901529868604527e+02
    -2.2202967985531197e+02 1.0018614289052979e+03
    -2.1818895368011679e-01 -3.8226584295387500e-02
    5.7201560876617610e-02 -1.5510339767176666e+02
    -2.0899793995452859e+02 8.9618324789086341e+02
    -1.4834868641693577e-01 -1.6594191969336175e-01
    -2.5216552076904916e-02 -2.9220991251709182e+02
    -2.6938867042944150e+02 8.8503158341963967e+02
    2.6321879408637811e-01 1.9830001444367387e-02
    -3.2845608526185739e-02 -1.0372997239483584e+02
    -4.6250456004735142e+01 8.5733229036206046e+02
    3.0710703105639175e-01 2.9769546967779070e-02 3.4440913316211171e-03
    -8.9830161578921491e+01 1.0506232408044545e+01
    7.9473191273379803e+02 -1.8733727278279602e-01
    4.7391212176824633e-02 -4.2197098931802913e-03
    -1.3270486083127489e+02 -1.9794278146184897e+02
    8.2151966117719473e+02 -3.2834005549880846e-01
    3.2198134408550669e-02 -9.4355934985229456e-02
    -1.8954799200224809e+02 -2.3043599976573776e+02
    8.2042719635361732e+02 -4.8774957697646137e-01
    3.3482544125149616e-02 -1.2612758731675330e-01
    -2.2223507766350826e+02 -2.4540336702111588e+02
    9.0497062689983079e+02 -4.7960919748136033e-01
    2.5644744892433796e-01 -1.2399550766778614e-01
    -2.5367588941247101e+02 -1.9965649785347244e+02
    1.2438475432585344e+03 -2.7101071851204855e-01
    4.7636133884485188e-01 -3.9530694802841514e-02
    -3.8830199936628645e+02 -2.0053228142222292e+02
    1.0438369129958016e+03 -1.6641093538238383e-01
    4.2355201952901211e-01 1.4312234665124914e-02
    -3.7265022249668556e+02 -1.7374932649827150e+02
    9.8326839210040055e+02 -1.5540767021662483e-01
    -6.0456880519968925e-01 -7.6643674615862176e-02
    -2.5170142736096091e+02 -1.8031566142219194e+02
    6.5944083030931381e+02 -6.4176901925674601e-02
    -6.3764984191414520e-01 -5.2646330269555529e-02
    -2.7965129860041412e+02 -2.5637870079435083e+02
    8.0320601896493986e+02 -1.8290341317853911e-01
    -3.2701281596704357e-01 -1.2563023083122341e-01
    -8.8315606078672211e+00 -6.9619035392298485e+01
    9.1157493626835685e+02 -1.2563619792343689e-01
    -3.5810952550758834e-01 -7.6776750939154301e-02
    -2.1071353001503991e+02 -1.5312575166208367e+02
    6.0226978209019785e+02 -2.7457519531544705e-01
    1.6395995579293504e-01 8.9477847307166597e-02 7.4524590723378736e+01
    -3.9652259079597616e+02 1.5586204242720194e+03
    -2.7421027392508635e-01 9.9768133813929766e-02
    2.3637123670132258e-02 -1.8129524676848894e+02
    -4.2358535209970813e+02 1.5039617805482671e+03
    -2.2788498986335015e-01 8.2178952963091065e-02
    1.9381284736231786e-02 2.8475261843490875e+02
    -4.2106219946509083e+02 1.4013117176097651e+03
    -2.9500044947976212e-01 -5.2055284813861923e-02
    -3.6973167025231742e-02 -8.1574536102693731e+00
    -3.7209373797198680e+02 1.4069568715748226e+03</data></Extrinsic_Parameters>
